;TILE SET

[O-TileSet]
Position = (0.2142857143, 0)
Scale = (0.5238095238, 0.9166666667)
Size = (1, 1, 1)
ParentCamera = MainCamera
UseParentSpace = both
NumRows = 8
NumColumns = 8
Width = 0.5238095238
Height = 0.9166666667